Job#  Fence  PavedArea   PaveCost FenceLength  FenceCost      Taxes  TotalCost
7100      1     600.00   11700.00     120.00     3390.00    1967.55   17102.55
7101      0       9.00     175.50       0.00        0.00      28.66     249.16
7102      1     784.00   15288.00     112.00     3174.00    2405.91   20912.91
7103      0      70.16    1368.16       0.00        0.00     183.71    1596.87
7104      1    2323.24   45303.18     192.80     5361.00    6592.19   57301.37
7105      0     501.76    9784.32       0.00        0.00    1277.81   11107.13
7106      0       8.39     163.53       0.00        0.00      27.11     235.64
7107      1       3.90      75.99       9.00      393.00      66.82     580.81
7108      1      70.56    1375.92      33.60     1068.00     323.56    2812.48
